3832435030265 123658
4902435030364 568
5900776500242 5689
0713988263210 68957
4902435030333 9856
5000189153312 75645
5900776500136 89655
0076840364185 2325
5000189153305 456
5900776500020 365
0087751802623 45632
5000189153299 6583
5900776500129 4563
0107778285467 326
5000189153282 6335
5900776500013 6325
0136488375624 2458
5000189153275 1235
5900776500235 125
0165243267764 548
5000189153268 456
5900776500112 862
0194032259904 759
5000189153251 751
5900776500006 36
0222865352044 3689
5000189153244 562
5900776500228 4562
0251740544184 235
5000189153237 235